G3dErrFileVersion 2018P3.1
FlagFileMetaData Begin
   Mesh Size - Setup1, Refinement, Pass #1, Freq. 3.300000e+10 :Title    
   Listing of mesh elements with poor quality. :ToolTip  
   hf3d :Author   
   1772280921 :TimeStamp
FlagFileMetaData End
BEGIN_ERR 
26 Small mesh segment detected on body : pad
 Small mesh segment detected on body : pad 
 Segment Statistics - Number of Segments : 1 --- Segment length(s) : 0.001000mm. The cutoff frequency for S-Matrix Only Solve is 16.0354105389652MHz 
3 -1  8  295  # nfids, fids[]
2 292  -1  # nbids, bids[]
      7 4 1 0 #ntets ntri ned npts
          -9.6114566999999995e-01   3.4712510000000002e-02  -3.6090907999999999e-01 #xyz tv0
          -9.7707189999999999e-01   4.5354090000000000e-02  -3.6090907999999999e-01 #xyz tv1
          -9.6185277000000036e-01   3.4005410000000000e-02  -3.6090907999999999e-01 #xyz tv2
          -9.7707189999999999e-01   4.5354090000000000e-02  -3.8990908000000002e-01 -1 292 #xyz tv3 fid bid
          -9.6114566999999995e-01   3.4712510000000002e-02  -3.6090907999999999e-01 #xyz tv0
          -9.7745459000000001e-01   4.4430209999999998e-02  -3.4641760374999991e-01 #xyz tv1
          -9.6185277000000036e-01   3.4005410000000000e-02  -3.6090907999999999e-01 #xyz tv2
          -9.7707189999999999e-01   4.5354090000000000e-02  -3.6090907999999999e-01 -1 292 #xyz tv3 fid bid
          -9.6114566999999995e-01   3.4712510000000002e-02  -3.6090907999999999e-01 #xyz tv0
          -9.6114566999999995e-01   3.4712510000000002e-02  -3.8990908000000002e-01 #xyz tv1
          -9.7707189999999999e-01   4.5354090000000000e-02  -3.8990908000000002e-01 #xyz tv2
          -9.6185277000000036e-01   3.4005410000000000e-02  -3.6090907999999999e-01 -1 292 #xyz tv3 fid bid
          -9.6114566999999995e-01   3.4712510000000002e-02  -3.6090907999999999e-01 #xyz tv0
          -9.6185277000000036e-01   3.4005410000000000e-02  -3.6090907999999999e-01 #xyz tv1
          -9.7745459000000001e-01   4.4430209999999998e-02  -3.4641760374999991e-01 #xyz tv2
          -9.6185277000000036e-01   3.4005410000000000e-02  -3.0292612749999992e-01 -1 292 #xyz tv3 fid bid
          -9.6114566999999995e-01   3.4712510000000002e-02  -3.6090907999999999e-01 #xyz tv0
          -9.5050410000000007e-01   1.8786279999999999e-02  -3.8990908000000002e-01 #xyz tv1
          -9.6114566999999995e-01   3.4712510000000002e-02  -3.8990908000000002e-01 #xyz tv2
          -9.6185277000000036e-01   3.4005410000000000e-02  -3.6090907999999999e-01 -1 292 #xyz tv3 fid bid
          -9.6114566999999995e-01   3.4712510000000002e-02  -3.6090907999999999e-01 #xyz tv0
          -9.6185277000000036e-01   3.4005410000000000e-02  -3.0292612749999992e-01 #xyz tv1
          -9.5050410000000007e-01   1.8786279999999999e-02  -3.6090907999999999e-01 #xyz tv2
          -9.6185277000000036e-01   3.4005410000000000e-02  -3.6090907999999999e-01 -1 292 #xyz tv3 fid bid
          -9.6114566999999995e-01   3.4712510000000002e-02  -3.6090907999999999e-01 #xyz tv0
          -9.5050410000000007e-01   1.8786279999999999e-02  -3.6090907999999999e-01 #xyz tv1
          -9.5050410000000007e-01   1.8786279999999999e-02  -3.8990908000000002e-01 #xyz tv2
          -9.6185277000000036e-01   3.4005410000000000e-02  -3.6090907999999999e-01 -1 292 #xyz tv3 fid bid
          -9.6114566999999995e-01   3.4712510000000002e-02  -3.6090907999999999e-01 #xyz tv0
          -9.6185277000000036e-01   3.4005410000000000e-02  -3.6090907999999999e-01 #xyz tv1
          -9.7707189999999999e-01   4.5354090000000000e-02  -3.6090907999999999e-01 8 -1 #xyz tv2 fid bid
          -9.6114566999999995e-01   3.4712510000000002e-02  -3.6090907999999999e-01 #xyz tv0
          -9.6185277000000036e-01   3.4005410000000000e-02  -3.6090907999999999e-01 #xyz tv1
          -9.7707189999999999e-01   4.5354090000000000e-02  -3.6090907999999999e-01 295 -1 #xyz tv2 fid bid
          -9.6185277000000036e-01   3.4005410000000000e-02  -3.6090907999999999e-01 #xyz tv0
          -9.6114566999999995e-01   3.4712510000000002e-02  -3.6090907999999999e-01 #xyz tv1
          -9.5050410000000007e-01   1.8786279999999999e-02  -3.6090907999999999e-01 8 -1 #xyz tv2 fid bid
          -9.6185277000000036e-01   3.4005410000000000e-02  -3.6090907999999999e-01 #xyz tv0
          -9.6114566999999995e-01   3.4712510000000002e-02  -3.6090907999999999e-01 #xyz tv1
          -9.5050410000000007e-01   1.8786279999999999e-02  -3.6090907999999999e-01 295 -1 #xyz tv2 fid bid
          -9.6114566999999995e-01   3.4712510000000002e-02  -3.6090907999999999e-01 #xyz ev0
          -9.6185277000000036e-01   3.4005410000000000e-02  -3.6090907999999999e-01 -1 292 #xyz ev1 fid bid
   0   0.000000000000e+00   0.000000000000e+00   0.000000000000e+00 #flag location
END_ERR 
G3dErrFileVersion 2018P3.1
FlagFileMetaData Begin
   Mesh Size - Setup1, Refinement, Pass #2, Freq. 3.300000e+10 :Title    
   Listing of mesh elements with poor quality. :ToolTip  
   hf3d :Author   
   1772280924 :TimeStamp
FlagFileMetaData End
BEGIN_ERR 
26 Small mesh segment detected on body : pad
 Small mesh segment detected on body : pad 
 Segment Statistics - Number of Segments : 1 --- Segment length(s) : 0.001000mm. The cutoff frequency for S-Matrix Only Solve is 16.0354105389652MHz 
3 -1  8  295  # nfids, fids[]
2 292  -1  # nbids, bids[]
      7 4 1 0 #ntets ntri ned npts
          -9.6114566999999995e-01   3.4712510000000002e-02  -3.6090907999999999e-01 #xyz tv0
          -9.7707189999999999e-01   4.5354090000000000e-02  -3.6090907999999999e-01 #xyz tv1
          -9.6185277000000036e-01   3.4005410000000000e-02  -3.6090907999999999e-01 #xyz tv2
          -9.7707189999999999e-01   4.5354090000000000e-02  -3.8990908000000002e-01 -1 292 #xyz tv3 fid bid
          -9.6114566999999995e-01   3.4712510000000002e-02  -3.6090907999999999e-01 #xyz tv0
          -9.7745459000000001e-01   4.4430209999999998e-02  -3.4641760374999991e-01 #xyz tv1
          -9.6185277000000036e-01   3.4005410000000000e-02  -3.6090907999999999e-01 #xyz tv2
          -9.7707189999999999e-01   4.5354090000000000e-02  -3.6090907999999999e-01 -1 292 #xyz tv3 fid bid
          -9.6114566999999995e-01   3.4712510000000002e-02  -3.6090907999999999e-01 #xyz tv0
          -9.6114566999999995e-01   3.4712510000000002e-02  -3.8990908000000002e-01 #xyz tv1
          -9.7707189999999999e-01   4.5354090000000000e-02  -3.8990908000000002e-01 #xyz tv2
          -9.6185277000000036e-01   3.4005410000000000e-02  -3.6090907999999999e-01 -1 292 #xyz tv3 fid bid
          -9.6114566999999995e-01   3.4712510000000002e-02  -3.6090907999999999e-01 #xyz tv0
          -9.6185277000000036e-01   3.4005410000000000e-02  -3.6090907999999999e-01 #xyz tv1
          -9.7745459000000001e-01   4.4430209999999998e-02  -3.4641760374999991e-01 #xyz tv2
          -9.6185277000000036e-01   3.4005410000000000e-02  -3.0292612749999992e-01 -1 292 #xyz tv3 fid bid
          -9.6114566999999995e-01   3.4712510000000002e-02  -3.6090907999999999e-01 #xyz tv0
          -9.5050410000000007e-01   1.8786279999999999e-02  -3.8990908000000002e-01 #xyz tv1
          -9.6114566999999995e-01   3.4712510000000002e-02  -3.8990908000000002e-01 #xyz tv2
          -9.6185277000000036e-01   3.4005410000000000e-02  -3.6090907999999999e-01 -1 292 #xyz tv3 fid bid
          -9.6114566999999995e-01   3.4712510000000002e-02  -3.6090907999999999e-01 #xyz tv0
          -9.6185277000000036e-01   3.4005410000000000e-02  -3.0292612749999992e-01 #xyz tv1
          -9.5050410000000007e-01   1.8786279999999999e-02  -3.6090907999999999e-01 #xyz tv2
          -9.6185277000000036e-01   3.4005410000000000e-02  -3.6090907999999999e-01 -1 292 #xyz tv3 fid bid
          -9.6114566999999995e-01   3.4712510000000002e-02  -3.6090907999999999e-01 #xyz tv0
          -9.5050410000000007e-01   1.8786279999999999e-02  -3.6090907999999999e-01 #xyz tv1
          -9.5050410000000007e-01   1.8786279999999999e-02  -3.8990908000000002e-01 #xyz tv2
          -9.6185277000000036e-01   3.4005410000000000e-02  -3.6090907999999999e-01 -1 292 #xyz tv3 fid bid
          -9.6114566999999995e-01   3.4712510000000002e-02  -3.6090907999999999e-01 #xyz tv0
          -9.6185277000000036e-01   3.4005410000000000e-02  -3.6090907999999999e-01 #xyz tv1
          -9.7707189999999999e-01   4.5354090000000000e-02  -3.6090907999999999e-01 8 -1 #xyz tv2 fid bid
          -9.6114566999999995e-01   3.4712510000000002e-02  -3.6090907999999999e-01 #xyz tv0
          -9.6185277000000036e-01   3.4005410000000000e-02  -3.6090907999999999e-01 #xyz tv1
          -9.7707189999999999e-01   4.5354090000000000e-02  -3.6090907999999999e-01 295 -1 #xyz tv2 fid bid
          -9.6185277000000036e-01   3.4005410000000000e-02  -3.6090907999999999e-01 #xyz tv0
          -9.6114566999999995e-01   3.4712510000000002e-02  -3.6090907999999999e-01 #xyz tv1
          -9.5050410000000007e-01   1.8786279999999999e-02  -3.6090907999999999e-01 8 -1 #xyz tv2 fid bid
          -9.6185277000000036e-01   3.4005410000000000e-02  -3.6090907999999999e-01 #xyz tv0
          -9.6114566999999995e-01   3.4712510000000002e-02  -3.6090907999999999e-01 #xyz tv1
          -9.5050410000000007e-01   1.8786279999999999e-02  -3.6090907999999999e-01 295 -1 #xyz tv2 fid bid
          -9.6114566999999995e-01   3.4712510000000002e-02  -3.6090907999999999e-01 #xyz ev0
          -9.6185277000000036e-01   3.4005410000000000e-02  -3.6090907999999999e-01 -1 292 #xyz ev1 fid bid
   0   0.000000000000e+00   0.000000000000e+00   0.000000000000e+00 #flag location
END_ERR 
G3dErrFileVersion 2018P3.1
FlagFileMetaData Begin
   Mesh Size - Setup1, Refinement, Pass #3, Freq. 3.300000e+10 :Title    
   Listing of mesh elements with poor quality. :ToolTip  
   hf3d :Author   
   1772280927 :TimeStamp
FlagFileMetaData End
BEGIN_ERR 
26 Small mesh segment detected on body : pad
 Small mesh segment detected on body : pad 
 Segment Statistics - Number of Segments : 1 --- Segment length(s) : 0.001000mm. The cutoff frequency for S-Matrix Only Solve is 16.0354105389652MHz 
3 -1  8  295  # nfids, fids[]
2 292  -1  # nbids, bids[]
      7 4 1 0 #ntets ntri ned npts
          -9.6114566999999995e-01   3.4712510000000002e-02  -3.6090907999999999e-01 #xyz tv0
          -9.7707189999999999e-01   4.5354090000000000e-02  -3.6090907999999999e-01 #xyz tv1
          -9.6185277000000036e-01   3.4005410000000000e-02  -3.6090907999999999e-01 #xyz tv2
          -9.7707189999999999e-01   4.5354090000000000e-02  -3.8990908000000002e-01 -1 292 #xyz tv3 fid bid
          -9.6114566999999995e-01   3.4712510000000002e-02  -3.6090907999999999e-01 #xyz tv0
          -9.7745459000000001e-01   4.4430209999999998e-02  -3.4641760374999991e-01 #xyz tv1
          -9.6185277000000036e-01   3.4005410000000000e-02  -3.6090907999999999e-01 #xyz tv2
          -9.7707189999999999e-01   4.5354090000000000e-02  -3.6090907999999999e-01 -1 292 #xyz tv3 fid bid
          -9.6114566999999995e-01   3.4712510000000002e-02  -3.6090907999999999e-01 #xyz tv0
          -9.6114566999999995e-01   3.4712510000000002e-02  -3.8990908000000002e-01 #xyz tv1
          -9.7707189999999999e-01   4.5354090000000000e-02  -3.8990908000000002e-01 #xyz tv2
          -9.6185277000000036e-01   3.4005410000000000e-02  -3.6090907999999999e-01 -1 292 #xyz tv3 fid bid
          -9.6114566999999995e-01   3.4712510000000002e-02  -3.6090907999999999e-01 #xyz tv0
          -9.6185277000000036e-01   3.4005410000000000e-02  -3.6090907999999999e-01 #xyz tv1
          -9.7745459000000001e-01   4.4430209999999998e-02  -3.4641760374999991e-01 #xyz tv2
          -9.6185277000000036e-01   3.4005410000000000e-02  -3.0292612749999992e-01 -1 292 #xyz tv3 fid bid
          -9.6114566999999995e-01   3.4712510000000002e-02  -3.6090907999999999e-01 #xyz tv0
          -9.5050410000000007e-01   1.8786279999999999e-02  -3.8990908000000002e-01 #xyz tv1
          -9.6114566999999995e-01   3.4712510000000002e-02  -3.8990908000000002e-01 #xyz tv2
          -9.6185277000000036e-01   3.4005410000000000e-02  -3.6090907999999999e-01 -1 292 #xyz tv3 fid bid
          -9.6114566999999995e-01   3.4712510000000002e-02  -3.6090907999999999e-01 #xyz tv0
          -9.6185277000000036e-01   3.4005410000000000e-02  -3.0292612749999992e-01 #xyz tv1
          -9.5050410000000007e-01   1.8786279999999999e-02  -3.6090907999999999e-01 #xyz tv2
          -9.6185277000000036e-01   3.4005410000000000e-02  -3.6090907999999999e-01 -1 292 #xyz tv3 fid bid
          -9.6114566999999995e-01   3.4712510000000002e-02  -3.6090907999999999e-01 #xyz tv0
          -9.5050410000000007e-01   1.8786279999999999e-02  -3.6090907999999999e-01 #xyz tv1
          -9.5050410000000007e-01   1.8786279999999999e-02  -3.8990908000000002e-01 #xyz tv2
          -9.6185277000000036e-01   3.4005410000000000e-02  -3.6090907999999999e-01 -1 292 #xyz tv3 fid bid
          -9.6114566999999995e-01   3.4712510000000002e-02  -3.6090907999999999e-01 #xyz tv0
          -9.6185277000000036e-01   3.4005410000000000e-02  -3.6090907999999999e-01 #xyz tv1
          -9.7707189999999999e-01   4.5354090000000000e-02  -3.6090907999999999e-01 8 -1 #xyz tv2 fid bid
          -9.6114566999999995e-01   3.4712510000000002e-02  -3.6090907999999999e-01 #xyz tv0
          -9.6185277000000036e-01   3.4005410000000000e-02  -3.6090907999999999e-01 #xyz tv1
          -9.7707189999999999e-01   4.5354090000000000e-02  -3.6090907999999999e-01 295 -1 #xyz tv2 fid bid
          -9.6185277000000036e-01   3.4005410000000000e-02  -3.6090907999999999e-01 #xyz tv0
          -9.6114566999999995e-01   3.4712510000000002e-02  -3.6090907999999999e-01 #xyz tv1
          -9.5050410000000007e-01   1.8786279999999999e-02  -3.6090907999999999e-01 8 -1 #xyz tv2 fid bid
          -9.6185277000000036e-01   3.4005410000000000e-02  -3.6090907999999999e-01 #xyz tv0
          -9.6114566999999995e-01   3.4712510000000002e-02  -3.6090907999999999e-01 #xyz tv1
          -9.5050410000000007e-01   1.8786279999999999e-02  -3.6090907999999999e-01 295 -1 #xyz tv2 fid bid
          -9.6114566999999995e-01   3.4712510000000002e-02  -3.6090907999999999e-01 #xyz ev0
          -9.6185277000000036e-01   3.4005410000000000e-02  -3.6090907999999999e-01 -1 292 #xyz ev1 fid bid
   0   0.000000000000e+00   0.000000000000e+00   0.000000000000e+00 #flag location
END_ERR 
G3dErrFileVersion 2018P3.1
FlagFileMetaData Begin
   Mesh Size - Setup1, Refinement, Pass #4, Freq. 3.300000e+10 :Title    
   Listing of mesh elements with poor quality. :ToolTip  
   hf3d :Author   
   1772280930 :TimeStamp
FlagFileMetaData End
BEGIN_ERR 
26 Small mesh segment detected on body : pad
 Small mesh segment detected on body : pad 
 Segment Statistics - Number of Segments : 1 --- Segment length(s) : 0.001000mm. The cutoff frequency for S-Matrix Only Solve is 16.0354105389652MHz 
3 -1  8  295  # nfids, fids[]
2 292  -1  # nbids, bids[]
      7 4 1 0 #ntets ntri ned npts
          -9.6114566999999995e-01   3.4712510000000002e-02  -3.6090907999999999e-01 #xyz tv0
          -9.7707189999999999e-01   4.5354090000000000e-02  -3.6090907999999999e-01 #xyz tv1
          -9.6185277000000036e-01   3.4005410000000000e-02  -3.6090907999999999e-01 #xyz tv2
          -9.7707189999999999e-01   4.5354090000000000e-02  -3.8990908000000002e-01 -1 292 #xyz tv3 fid bid
          -9.6114566999999995e-01   3.4712510000000002e-02  -3.6090907999999999e-01 #xyz tv0
          -9.7745459000000001e-01   4.4430209999999998e-02  -3.4641760374999991e-01 #xyz tv1
          -9.6185277000000036e-01   3.4005410000000000e-02  -3.6090907999999999e-01 #xyz tv2
          -9.7707189999999999e-01   4.5354090000000000e-02  -3.6090907999999999e-01 -1 292 #xyz tv3 fid bid
          -9.6114566999999995e-01   3.4712510000000002e-02  -3.6090907999999999e-01 #xyz tv0
          -9.6114566999999995e-01   3.4712510000000002e-02  -3.8990908000000002e-01 #xyz tv1
          -9.7707189999999999e-01   4.5354090000000000e-02  -3.8990908000000002e-01 #xyz tv2
          -9.6185277000000036e-01   3.4005410000000000e-02  -3.6090907999999999e-01 -1 292 #xyz tv3 fid bid
          -9.6114566999999995e-01   3.4712510000000002e-02  -3.6090907999999999e-01 #xyz tv0
          -9.6185277000000036e-01   3.4005410000000000e-02  -3.6090907999999999e-01 #xyz tv1
          -9.7745459000000001e-01   4.4430209999999998e-02  -3.4641760374999991e-01 #xyz tv2
          -9.6185277000000036e-01   3.4005410000000000e-02  -3.0292612749999992e-01 -1 292 #xyz tv3 fid bid
          -9.6114566999999995e-01   3.4712510000000002e-02  -3.6090907999999999e-01 #xyz tv0
          -9.5050410000000007e-01   1.8786279999999999e-02  -3.8990908000000002e-01 #xyz tv1
          -9.6114566999999995e-01   3.4712510000000002e-02  -3.8990908000000002e-01 #xyz tv2
          -9.6185277000000036e-01   3.4005410000000000e-02  -3.6090907999999999e-01 -1 292 #xyz tv3 fid bid
          -9.6114566999999995e-01   3.4712510000000002e-02  -3.6090907999999999e-01 #xyz tv0
          -9.6185277000000036e-01   3.4005410000000000e-02  -3.0292612749999992e-01 #xyz tv1
          -9.5050410000000007e-01   1.8786279999999999e-02  -3.6090907999999999e-01 #xyz tv2
          -9.6185277000000036e-01   3.4005410000000000e-02  -3.6090907999999999e-01 -1 292 #xyz tv3 fid bid
          -9.6114566999999995e-01   3.4712510000000002e-02  -3.6090907999999999e-01 #xyz tv0
          -9.5050410000000007e-01   1.8786279999999999e-02  -3.6090907999999999e-01 #xyz tv1
          -9.5050410000000007e-01   1.8786279999999999e-02  -3.8990908000000002e-01 #xyz tv2
          -9.6185277000000036e-01   3.4005410000000000e-02  -3.6090907999999999e-01 -1 292 #xyz tv3 fid bid
          -9.6114566999999995e-01   3.4712510000000002e-02  -3.6090907999999999e-01 #xyz tv0
          -9.6185277000000036e-01   3.4005410000000000e-02  -3.6090907999999999e-01 #xyz tv1
          -9.7707189999999999e-01   4.5354090000000000e-02  -3.6090907999999999e-01 8 -1 #xyz tv2 fid bid
          -9.6114566999999995e-01   3.4712510000000002e-02  -3.6090907999999999e-01 #xyz tv0
          -9.6185277000000036e-01   3.4005410000000000e-02  -3.6090907999999999e-01 #xyz tv1
          -9.7707189999999999e-01   4.5354090000000000e-02  -3.6090907999999999e-01 295 -1 #xyz tv2 fid bid
          -9.6185277000000036e-01   3.4005410000000000e-02  -3.6090907999999999e-01 #xyz tv0
          -9.6114566999999995e-01   3.4712510000000002e-02  -3.6090907999999999e-01 #xyz tv1
          -9.5050410000000007e-01   1.8786279999999999e-02  -3.6090907999999999e-01 8 -1 #xyz tv2 fid bid
          -9.6185277000000036e-01   3.4005410000000000e-02  -3.6090907999999999e-01 #xyz tv0
          -9.6114566999999995e-01   3.4712510000000002e-02  -3.6090907999999999e-01 #xyz tv1
          -9.5050410000000007e-01   1.8786279999999999e-02  -3.6090907999999999e-01 295 -1 #xyz tv2 fid bid
          -9.6114566999999995e-01   3.4712510000000002e-02  -3.6090907999999999e-01 #xyz ev0
          -9.6185277000000036e-01   3.4005410000000000e-02  -3.6090907999999999e-01 -1 292 #xyz ev1 fid bid
   0   0.000000000000e+00   0.000000000000e+00   0.000000000000e+00 #flag location
END_ERR 
G3dErrFileVersion 2018P3.1
FlagFileMetaData Begin
   Mesh Size - Setup1, Refinement, Pass #5, Freq. 3.300000e+10 :Title    
   Listing of mesh elements with poor quality. :ToolTip  
   hf3d :Author   
   1772280934 :TimeStamp
FlagFileMetaData End
BEGIN_ERR 
26 Small mesh segment detected on body : pad
 Small mesh segment detected on body : pad 
 Segment Statistics - Number of Segments : 1 --- Segment length(s) : 0.001000mm. The cutoff frequency for S-Matrix Only Solve is 16.0354105389652MHz 
3 -1  8  295  # nfids, fids[]
2 292  -1  # nbids, bids[]
      7 4 1 0 #ntets ntri ned npts
          -9.6114566999999995e-01   3.4712510000000002e-02  -3.6090907999999999e-01 #xyz tv0
          -9.7707189999999999e-01   4.5354090000000000e-02  -3.6090907999999999e-01 #xyz tv1
          -9.6185277000000036e-01   3.4005410000000000e-02  -3.6090907999999999e-01 #xyz tv2
          -9.7707189999999999e-01   4.5354090000000000e-02  -3.8990908000000002e-01 -1 292 #xyz tv3 fid bid
          -9.6114566999999995e-01   3.4712510000000002e-02  -3.6090907999999999e-01 #xyz tv0
          -9.7745459000000001e-01   4.4430209999999998e-02  -3.4641760374999991e-01 #xyz tv1
          -9.6185277000000036e-01   3.4005410000000000e-02  -3.6090907999999999e-01 #xyz tv2
          -9.7707189999999999e-01   4.5354090000000000e-02  -3.6090907999999999e-01 -1 292 #xyz tv3 fid bid
          -9.6114566999999995e-01   3.4712510000000002e-02  -3.6090907999999999e-01 #xyz tv0
          -9.6114566999999995e-01   3.4712510000000002e-02  -3.8990908000000002e-01 #xyz tv1
          -9.7707189999999999e-01   4.5354090000000000e-02  -3.8990908000000002e-01 #xyz tv2
          -9.6185277000000036e-01   3.4005410000000000e-02  -3.6090907999999999e-01 -1 292 #xyz tv3 fid bid
          -9.6114566999999995e-01   3.4712510000000002e-02  -3.6090907999999999e-01 #xyz tv0
          -9.6185277000000036e-01   3.4005410000000000e-02  -3.6090907999999999e-01 #xyz tv1
          -9.7745459000000001e-01   4.4430209999999998e-02  -3.4641760374999991e-01 #xyz tv2
          -9.6185277000000036e-01   3.4005410000000000e-02  -3.0292612749999992e-01 -1 292 #xyz tv3 fid bid
          -9.6114566999999995e-01   3.4712510000000002e-02  -3.6090907999999999e-01 #xyz tv0
          -9.5050410000000007e-01   1.8786279999999999e-02  -3.8990908000000002e-01 #xyz tv1
          -9.6114566999999995e-01   3.4712510000000002e-02  -3.8990908000000002e-01 #xyz tv2
          -9.6185277000000036e-01   3.4005410000000000e-02  -3.6090907999999999e-01 -1 292 #xyz tv3 fid bid
          -9.6114566999999995e-01   3.4712510000000002e-02  -3.6090907999999999e-01 #xyz tv0
          -9.6185277000000036e-01   3.4005410000000000e-02  -3.0292612749999992e-01 #xyz tv1
          -9.5050410000000007e-01   1.8786279999999999e-02  -3.6090907999999999e-01 #xyz tv2
          -9.6185277000000036e-01   3.4005410000000000e-02  -3.6090907999999999e-01 -1 292 #xyz tv3 fid bid
          -9.6114566999999995e-01   3.4712510000000002e-02  -3.6090907999999999e-01 #xyz tv0
          -9.5050410000000007e-01   1.8786279999999999e-02  -3.6090907999999999e-01 #xyz tv1
          -9.5050410000000007e-01   1.8786279999999999e-02  -3.8990908000000002e-01 #xyz tv2
          -9.6185277000000036e-01   3.4005410000000000e-02  -3.6090907999999999e-01 -1 292 #xyz tv3 fid bid
          -9.6114566999999995e-01   3.4712510000000002e-02  -3.6090907999999999e-01 #xyz tv0
          -9.6185277000000036e-01   3.4005410000000000e-02  -3.6090907999999999e-01 #xyz tv1
          -9.7707189999999999e-01   4.5354090000000000e-02  -3.6090907999999999e-01 8 -1 #xyz tv2 fid bid
          -9.6114566999999995e-01   3.4712510000000002e-02  -3.6090907999999999e-01 #xyz tv0
          -9.6185277000000036e-01   3.4005410000000000e-02  -3.6090907999999999e-01 #xyz tv1
          -9.7707189999999999e-01   4.5354090000000000e-02  -3.6090907999999999e-01 295 -1 #xyz tv2 fid bid
          -9.6185277000000036e-01   3.4005410000000000e-02  -3.6090907999999999e-01 #xyz tv0
          -9.6114566999999995e-01   3.4712510000000002e-02  -3.6090907999999999e-01 #xyz tv1
          -9.5050410000000007e-01   1.8786279999999999e-02  -3.6090907999999999e-01 8 -1 #xyz tv2 fid bid
          -9.6185277000000036e-01   3.4005410000000000e-02  -3.6090907999999999e-01 #xyz tv0
          -9.6114566999999995e-01   3.4712510000000002e-02  -3.6090907999999999e-01 #xyz tv1
          -9.5050410000000007e-01   1.8786279999999999e-02  -3.6090907999999999e-01 295 -1 #xyz tv2 fid bid
          -9.6114566999999995e-01   3.4712510000000002e-02  -3.6090907999999999e-01 #xyz ev0
          -9.6185277000000036e-01   3.4005410000000000e-02  -3.6090907999999999e-01 -1 292 #xyz ev1 fid bid
   0   0.000000000000e+00   0.000000000000e+00   0.000000000000e+00 #flag location
END_ERR 
G3dErrFileVersion 2018P3.1
FlagFileMetaData Begin
   Mesh Size - Setup1, Refinement, Pass #6, Freq. 3.300000e+10 :Title    
   Listing of mesh elements with poor quality. :ToolTip  
   hf3d :Author   
   1772280939 :TimeStamp
FlagFileMetaData End
BEGIN_ERR 
26 Small mesh segment detected on body : pad
 Small mesh segment detected on body : pad 
 Segment Statistics - Number of Segments : 1 --- Segment length(s) : 0.001000mm. The cutoff frequency for S-Matrix Only Solve is 16.0354105389652MHz 
3 -1  8  295  # nfids, fids[]
2 292  -1  # nbids, bids[]
      7 4 1 0 #ntets ntri ned npts
          -9.6114566999999995e-01   3.4712510000000002e-02  -3.6090907999999999e-01 #xyz tv0
          -9.7707189999999999e-01   4.5354090000000000e-02  -3.6090907999999999e-01 #xyz tv1
          -9.6185277000000036e-01   3.4005410000000000e-02  -3.6090907999999999e-01 #xyz tv2
          -9.7707189999999999e-01   4.5354090000000000e-02  -3.8990908000000002e-01 -1 292 #xyz tv3 fid bid
          -9.6114566999999995e-01   3.4712510000000002e-02  -3.6090907999999999e-01 #xyz tv0
          -9.7745459000000001e-01   4.4430209999999998e-02  -3.4641760374999991e-01 #xyz tv1
          -9.6185277000000036e-01   3.4005410000000000e-02  -3.6090907999999999e-01 #xyz tv2
          -9.7707189999999999e-01   4.5354090000000000e-02  -3.6090907999999999e-01 -1 292 #xyz tv3 fid bid
          -9.6114566999999995e-01   3.4712510000000002e-02  -3.6090907999999999e-01 #xyz tv0
          -9.6114566999999995e-01   3.4712510000000002e-02  -3.8990908000000002e-01 #xyz tv1
          -9.7707189999999999e-01   4.5354090000000000e-02  -3.8990908000000002e-01 #xyz tv2
          -9.6185277000000036e-01   3.4005410000000000e-02  -3.6090907999999999e-01 -1 292 #xyz tv3 fid bid
          -9.6114566999999995e-01   3.4712510000000002e-02  -3.6090907999999999e-01 #xyz tv0
          -9.6185277000000036e-01   3.4005410000000000e-02  -3.6090907999999999e-01 #xyz tv1
          -9.7745459000000001e-01   4.4430209999999998e-02  -3.4641760374999991e-01 #xyz tv2
          -9.6185277000000036e-01   3.4005410000000000e-02  -3.0292612749999992e-01 -1 292 #xyz tv3 fid bid
          -9.6114566999999995e-01   3.4712510000000002e-02  -3.6090907999999999e-01 #xyz tv0
          -9.5050410000000007e-01   1.8786279999999999e-02  -3.8990908000000002e-01 #xyz tv1
          -9.6114566999999995e-01   3.4712510000000002e-02  -3.8990908000000002e-01 #xyz tv2
          -9.6185277000000036e-01   3.4005410000000000e-02  -3.6090907999999999e-01 -1 292 #xyz tv3 fid bid
          -9.6114566999999995e-01   3.4712510000000002e-02  -3.6090907999999999e-01 #xyz tv0
          -9.6185277000000036e-01   3.4005410000000000e-02  -3.0292612749999992e-01 #xyz tv1
          -9.5050410000000007e-01   1.8786279999999999e-02  -3.6090907999999999e-01 #xyz tv2
          -9.6185277000000036e-01   3.4005410000000000e-02  -3.6090907999999999e-01 -1 292 #xyz tv3 fid bid
          -9.6114566999999995e-01   3.4712510000000002e-02  -3.6090907999999999e-01 #xyz tv0
          -9.5050410000000007e-01   1.8786279999999999e-02  -3.6090907999999999e-01 #xyz tv1
          -9.5050410000000007e-01   1.8786279999999999e-02  -3.8990908000000002e-01 #xyz tv2
          -9.6185277000000036e-01   3.4005410000000000e-02  -3.6090907999999999e-01 -1 292 #xyz tv3 fid bid
          -9.6114566999999995e-01   3.4712510000000002e-02  -3.6090907999999999e-01 #xyz tv0
          -9.6185277000000036e-01   3.4005410000000000e-02  -3.6090907999999999e-01 #xyz tv1
          -9.7707189999999999e-01   4.5354090000000000e-02  -3.6090907999999999e-01 8 -1 #xyz tv2 fid bid
          -9.6114566999999995e-01   3.4712510000000002e-02  -3.6090907999999999e-01 #xyz tv0
          -9.6185277000000036e-01   3.4005410000000000e-02  -3.6090907999999999e-01 #xyz tv1
          -9.7707189999999999e-01   4.5354090000000000e-02  -3.6090907999999999e-01 295 -1 #xyz tv2 fid bid
          -9.6185277000000036e-01   3.4005410000000000e-02  -3.6090907999999999e-01 #xyz tv0
          -9.6114566999999995e-01   3.4712510000000002e-02  -3.6090907999999999e-01 #xyz tv1
          -9.5050410000000007e-01   1.8786279999999999e-02  -3.6090907999999999e-01 8 -1 #xyz tv2 fid bid
          -9.6185277000000036e-01   3.4005410000000000e-02  -3.6090907999999999e-01 #xyz tv0
          -9.6114566999999995e-01   3.4712510000000002e-02  -3.6090907999999999e-01 #xyz tv1
          -9.5050410000000007e-01   1.8786279999999999e-02  -3.6090907999999999e-01 295 -1 #xyz tv2 fid bid
          -9.6114566999999995e-01   3.4712510000000002e-02  -3.6090907999999999e-01 #xyz ev0
          -9.6185277000000036e-01   3.4005410000000000e-02  -3.6090907999999999e-01 -1 292 #xyz ev1 fid bid
   0   0.000000000000e+00   0.000000000000e+00   0.000000000000e+00 #flag location
END_ERR 
G3dErrFileVersion 2018P3.1
FlagFileMetaData Begin
   Mesh Size - Setup1, Refinement, Pass #7, Freq. 3.300000e+10 :Title    
   Listing of mesh elements with poor quality. :ToolTip  
   hf3d :Author   
   1772280944 :TimeStamp
FlagFileMetaData End
BEGIN_ERR 
26 Small mesh segment detected on body : pad
 Small mesh segment detected on body : pad 
 Segment Statistics - Number of Segments : 1 --- Segment length(s) : 0.001000mm. The cutoff frequency for S-Matrix Only Solve is 16.0354105389652MHz 
3 -1  8  295  # nfids, fids[]
2 292  -1  # nbids, bids[]
      7 4 1 0 #ntets ntri ned npts
          -9.6114566999999995e-01  -3.4712510000000002e-02  -3.6090907999999999e-01 #xyz tv0
          -9.6185277000000036e-01  -3.4005410000000000e-02  -3.6090907999999999e-01 #xyz tv1
          -9.6114566999999995e-01  -3.4712510000000002e-02  -3.8990908000000002e-01 #xyz tv2
          -9.5050410000000007e-01  -1.8786279999999999e-02  -3.8990908000000002e-01 -1 292 #xyz tv3 fid bid
          -9.6114566999999995e-01  -3.4712510000000002e-02  -3.6090907999999999e-01 #xyz tv0
          -9.6114566999999995e-01  -3.4712510000000002e-02  -3.8990908000000002e-01 #xyz tv1
          -9.6185277000000036e-01  -3.4005410000000000e-02  -3.6090907999999999e-01 #xyz tv2
          -9.7707189999999999e-01  -4.5354090000000000e-02  -3.8990908000000002e-01 -1 292 #xyz tv3 fid bid
          -9.6114566999999995e-01  -3.4712510000000002e-02  -3.6090907999999999e-01 #xyz tv0
          -9.5050410000000007e-01  -1.8786279999999999e-02  -3.8990908000000002e-01 #xyz tv1
          -9.5050410000000007e-01  -1.8786279999999999e-02  -3.6090907999999999e-01 #xyz tv2
          -9.6185277000000036e-01  -3.4005410000000000e-02  -3.6090907999999999e-01 -1 292 #xyz tv3 fid bid
          -9.6114566999999995e-01  -3.4712510000000002e-02  -3.6090907999999999e-01 #xyz tv0
          -9.7707189999999999e-01  -4.5354090000000000e-02  -3.8990908000000002e-01 #xyz tv1
          -9.6185277000000036e-01  -3.4005410000000000e-02  -3.6090907999999999e-01 #xyz tv2
          -9.7707189999999999e-01  -4.5354090000000000e-02  -3.6090907999999999e-01 -1 292 #xyz tv3 fid bid
          -9.5050410000000007e-01  -1.8786279999999999e-02  -3.6090907999999999e-01 #xyz tv0
          -9.6185277000000036e-01  -3.4005410000000000e-02  -2.7108287164880218e-01 #xyz tv1
          -9.6114566999999995e-01  -3.4712510000000002e-02  -3.6090907999999999e-01 #xyz tv2
          -9.6185277000000036e-01  -3.4005410000000000e-02  -3.6090907999999999e-01 -1 292 #xyz tv3 fid bid
          -9.6114566999999995e-01  -3.4712510000000002e-02  -3.6090907999999999e-01 #xyz tv0
          -9.7745459000000001e-01  -4.4430209999999998e-02  -3.3311855172921956e-01 #xyz tv1
          -9.7707189999999999e-01  -4.5354090000000000e-02  -3.6090907999999999e-01 #xyz tv2
          -9.6185277000000036e-01  -3.4005410000000000e-02  -3.6090907999999999e-01 -1 292 #xyz tv3 fid bid
          -9.6114566999999995e-01  -3.4712510000000002e-02  -3.6090907999999999e-01 #xyz tv0
          -9.6185277000000036e-01  -3.4005410000000000e-02  -2.7108287164880218e-01 #xyz tv1
          -9.7745459000000001e-01  -4.4430209999999998e-02  -3.3311855172921956e-01 #xyz tv2
          -9.6185277000000036e-01  -3.4005410000000000e-02  -3.6090907999999999e-01 -1 292 #xyz tv3 fid bid
          -9.6185277000000036e-01  -3.4005410000000000e-02  -3.6090907999999999e-01 #xyz tv0
          -9.6114566999999995e-01  -3.4712510000000002e-02  -3.6090907999999999e-01 #xyz tv1
          -9.7707189999999999e-01  -4.5354090000000000e-02  -3.6090907999999999e-01 8 -1 #xyz tv2 fid bid
          -9.6185277000000036e-01  -3.4005410000000000e-02  -3.6090907999999999e-01 #xyz tv0
          -9.6114566999999995e-01  -3.4712510000000002e-02  -3.6090907999999999e-01 #xyz tv1
          -9.7707189999999999e-01  -4.5354090000000000e-02  -3.6090907999999999e-01 295 -1 #xyz tv2 fid bid
          -9.5050410000000007e-01  -1.8786279999999999e-02  -3.6090907999999999e-01 #xyz tv0
          -9.6114566999999995e-01  -3.4712510000000002e-02  -3.6090907999999999e-01 #xyz tv1
          -9.6185277000000036e-01  -3.4005410000000000e-02  -3.6090907999999999e-01 8 -1 #xyz tv2 fid bid
          -9.5050410000000007e-01  -1.8786279999999999e-02  -3.6090907999999999e-01 #xyz tv0
          -9.6114566999999995e-01  -3.4712510000000002e-02  -3.6090907999999999e-01 #xyz tv1
          -9.6185277000000036e-01  -3.4005410000000000e-02  -3.6090907999999999e-01 295 -1 #xyz tv2 fid bid
          -9.6185277000000036e-01  -3.4005410000000000e-02  -3.6090907999999999e-01 #xyz ev0
          -9.6114566999999995e-01  -3.4712510000000002e-02  -3.6090907999999999e-01 -1 292 #xyz ev1 fid bid
   0   0.000000000000e+00   0.000000000000e+00   0.000000000000e+00 #flag location
END_ERR 
BEGIN_ERR 
26 Small mesh segment detected on body : pad
 Small mesh segment detected on body : pad 
 Segment Statistics - Number of Segments : 1 --- Segment length(s) : 0.001000mm. The cutoff frequency for S-Matrix Only Solve is 16.0354105389652MHz 
3 -1  8  295  # nfids, fids[]
2 292  -1  # nbids, bids[]
      7 4 1 0 #ntets ntri ned npts
          -9.6114566999999995e-01   3.4712510000000002e-02  -3.6090907999999999e-01 #xyz tv0
          -9.7707189999999999e-01   4.5354090000000000e-02  -3.6090907999999999e-01 #xyz tv1
          -9.6185277000000036e-01   3.4005410000000000e-02  -3.6090907999999999e-01 #xyz tv2
          -9.7707189999999999e-01   4.5354090000000000e-02  -3.8990908000000002e-01 -1 292 #xyz tv3 fid bid
          -9.6114566999999995e-01   3.4712510000000002e-02  -3.6090907999999999e-01 #xyz tv0
          -9.7745459000000001e-01   4.4430209999999998e-02  -3.4641760374999991e-01 #xyz tv1
          -9.6185277000000036e-01   3.4005410000000000e-02  -3.6090907999999999e-01 #xyz tv2
          -9.7707189999999999e-01   4.5354090000000000e-02  -3.6090907999999999e-01 -1 292 #xyz tv3 fid bid
          -9.6114566999999995e-01   3.4712510000000002e-02  -3.6090907999999999e-01 #xyz tv0
          -9.6114566999999995e-01   3.4712510000000002e-02  -3.8990908000000002e-01 #xyz tv1
          -9.7707189999999999e-01   4.5354090000000000e-02  -3.8990908000000002e-01 #xyz tv2
          -9.6185277000000036e-01   3.4005410000000000e-02  -3.6090907999999999e-01 -1 292 #xyz tv3 fid bid
          -9.6114566999999995e-01   3.4712510000000002e-02  -3.6090907999999999e-01 #xyz tv0
          -9.6185277000000036e-01   3.4005410000000000e-02  -3.6090907999999999e-01 #xyz tv1
          -9.7745459000000001e-01   4.4430209999999998e-02  -3.4641760374999991e-01 #xyz tv2
          -9.6185277000000036e-01   3.4005410000000000e-02  -3.0292612749999992e-01 -1 292 #xyz tv3 fid bid
          -9.6114566999999995e-01   3.4712510000000002e-02  -3.6090907999999999e-01 #xyz tv0
          -9.5050410000000007e-01   1.8786279999999999e-02  -3.8990908000000002e-01 #xyz tv1
          -9.6114566999999995e-01   3.4712510000000002e-02  -3.8990908000000002e-01 #xyz tv2
          -9.6185277000000036e-01   3.4005410000000000e-02  -3.6090907999999999e-01 -1 292 #xyz tv3 fid bid
          -9.6114566999999995e-01   3.4712510000000002e-02  -3.6090907999999999e-01 #xyz tv0
          -9.6185277000000036e-01   3.4005410000000000e-02  -3.0292612749999992e-01 #xyz tv1
          -9.5050410000000007e-01   1.8786279999999999e-02  -3.6090907999999999e-01 #xyz tv2
          -9.6185277000000036e-01   3.4005410000000000e-02  -3.6090907999999999e-01 -1 292 #xyz tv3 fid bid
          -9.6114566999999995e-01   3.4712510000000002e-02  -3.6090907999999999e-01 #xyz tv0
          -9.5050410000000007e-01   1.8786279999999999e-02  -3.6090907999999999e-01 #xyz tv1
          -9.5050410000000007e-01   1.8786279999999999e-02  -3.8990908000000002e-01 #xyz tv2
          -9.6185277000000036e-01   3.4005410000000000e-02  -3.6090907999999999e-01 -1 292 #xyz tv3 fid bid
          -9.6114566999999995e-01   3.4712510000000002e-02  -3.6090907999999999e-01 #xyz tv0
          -9.6185277000000036e-01   3.4005410000000000e-02  -3.6090907999999999e-01 #xyz tv1
          -9.7707189999999999e-01   4.5354090000000000e-02  -3.6090907999999999e-01 8 -1 #xyz tv2 fid bid
          -9.6114566999999995e-01   3.4712510000000002e-02  -3.6090907999999999e-01 #xyz tv0
          -9.6185277000000036e-01   3.4005410000000000e-02  -3.6090907999999999e-01 #xyz tv1
          -9.7707189999999999e-01   4.5354090000000000e-02  -3.6090907999999999e-01 295 -1 #xyz tv2 fid bid
          -9.6185277000000036e-01   3.4005410000000000e-02  -3.6090907999999999e-01 #xyz tv0
          -9.6114566999999995e-01   3.4712510000000002e-02  -3.6090907999999999e-01 #xyz tv1
          -9.5050410000000007e-01   1.8786279999999999e-02  -3.6090907999999999e-01 8 -1 #xyz tv2 fid bid
          -9.6185277000000036e-01   3.4005410000000000e-02  -3.6090907999999999e-01 #xyz tv0
          -9.6114566999999995e-01   3.4712510000000002e-02  -3.6090907999999999e-01 #xyz tv1
          -9.5050410000000007e-01   1.8786279999999999e-02  -3.6090907999999999e-01 295 -1 #xyz tv2 fid bid
          -9.6114566999999995e-01   3.4712510000000002e-02  -3.6090907999999999e-01 #xyz ev0
          -9.6185277000000036e-01   3.4005410000000000e-02  -3.6090907999999999e-01 -1 292 #xyz ev1 fid bid
   0   0.000000000000e+00   0.000000000000e+00   0.000000000000e+00 #flag location
END_ERR 
G3dErrFileVersion 2018P3.1
FlagFileMetaData Begin
   Mesh Size - Setup1, Refinement, Pass #8, Freq. 3.300000e+10 :Title    
   Listing of mesh elements with poor quality. :ToolTip  
   hf3d :Author   
   1772280950 :TimeStamp
FlagFileMetaData End
BEGIN_ERR 
26 Small mesh segment detected on body : pad
 Small mesh segment detected on body : pad 
 Segment Statistics - Number of Segments : 1 --- Segment length(s) : 0.001000mm. The cutoff frequency for S-Matrix Only Solve is 16.0354105389652MHz 
3 -1  8  295  # nfids, fids[]
2 292  -1  # nbids, bids[]
      7 4 1 0 #ntets ntri ned npts
          -9.6114566999999995e-01  -3.4712510000000002e-02  -3.6090907999999999e-01 #xyz tv0
          -9.6185277000000036e-01  -3.4005410000000000e-02  -3.6090907999999999e-01 #xyz tv1
          -9.6114566999999995e-01  -3.4712510000000002e-02  -3.8990908000000002e-01 #xyz tv2
          -9.5050410000000007e-01  -1.8786279999999999e-02  -3.8990908000000002e-01 -1 292 #xyz tv3 fid bid
          -9.6114566999999995e-01  -3.4712510000000002e-02  -3.6090907999999999e-01 #xyz tv0
          -9.6114566999999995e-01  -3.4712510000000002e-02  -3.8990908000000002e-01 #xyz tv1
          -9.6185277000000036e-01  -3.4005410000000000e-02  -3.6090907999999999e-01 #xyz tv2
          -9.7707189999999999e-01  -4.5354090000000000e-02  -3.8990908000000002e-01 -1 292 #xyz tv3 fid bid
          -9.6114566999999995e-01  -3.4712510000000002e-02  -3.6090907999999999e-01 #xyz tv0
          -9.5050410000000007e-01  -1.8786279999999999e-02  -3.8990908000000002e-01 #xyz tv1
          -9.5050410000000007e-01  -1.8786279999999999e-02  -3.6090907999999999e-01 #xyz tv2
          -9.6185277000000036e-01  -3.4005410000000000e-02  -3.6090907999999999e-01 -1 292 #xyz tv3 fid bid
          -9.6114566999999995e-01  -3.4712510000000002e-02  -3.6090907999999999e-01 #xyz tv0
          -9.7707189999999999e-01  -4.5354090000000000e-02  -3.8990908000000002e-01 #xyz tv1
          -9.6185277000000036e-01  -3.4005410000000000e-02  -3.6090907999999999e-01 #xyz tv2
          -9.7707189999999999e-01  -4.5354090000000000e-02  -3.6090907999999999e-01 -1 292 #xyz tv3 fid bid
