G3dErrFileVersion 2018P3.1
FlagFileMetaData Begin
   Mesh Size - Setup1, Refinement, Pass #1, Freq. 3.300000e+10 :Title    
   Listing of mesh elements with poor quality. :ToolTip  
   hf3d :Author   
   1772280368 :TimeStamp
FlagFileMetaData End
BEGIN_ERR 
26 Small mesh segment detected on body : pad
 Small mesh segment detected on body : pad 
 Segment Statistics - Number of Segments : 1 --- Segment length(s) : 0.000922mm. The cutoff frequency for S-Matrix Only Solve is 16.0354105389652MHz 
4 -1  8  295  293  # nfids, fids[]
2 292  -1  # nbids, bids[]
      5 4 1 0 #ntets ntri ned npts
          -7.1133069999999998e-01   1.6838070000000004e-02  -3.8000000000000000e-01 #xyz tv0
          -7.1081824202130561e-01   1.7605017791613563e-02  -3.8000000000000000e-01 #xyz tv1
          -7.1133069999999998e-01   1.6838070000000004e-02  -4.0899999999999992e-01 #xyz tv2
          -7.1040681999999999e-01   1.6455390000000000e-02  -3.8000000000000000e-01 -1 292 #xyz tv3 fid bid
          -7.1133069999999998e-01   1.6838070000000004e-02  -3.8000000000000000e-01 #xyz tv0
          -7.1133069999999998e-01   1.6838070000000004e-02  -4.0899999999999992e-01 #xyz tv1
          -7.1081824202130561e-01   1.7605017791613563e-02  -3.8000000000000000e-01 #xyz tv2
          -7.5290528000000034e-01   3.4058830000000012e-02  -4.0899999999999992e-01 -1 292 #xyz tv3 fid bid
          -7.1133069999999998e-01   1.6838070000000004e-02  -3.8000000000000000e-01 #xyz tv0
          -7.1040681999999999e-01   1.6455390000000000e-02  -3.2639848787109366e-01 #xyz tv1
          -7.1081824202130561e-01   1.7605017791613563e-02  -3.8000000000000000e-01 #xyz tv2
          -7.1040681999999999e-01   1.6455390000000000e-02  -3.8000000000000000e-01 -1 292 #xyz tv3 fid bid
          -7.1081824202130561e-01   1.7605017791613563e-02  -3.8000000000000000e-01 #xyz tv0
          -7.1970685601562501e-01   3.5854110039062498e-02  -3.8000000000000000e-01 #xyz tv1
          -7.1133069999999998e-01   1.6838070000000004e-02  -3.8000000000000000e-01 #xyz tv2
          -7.5290528000000034e-01   3.4058830000000012e-02  -4.0899999999999992e-01 -1 292 #xyz tv3 fid bid
          -7.1970685601562501e-01   3.5854110039062498e-02  -3.8000000000000000e-01 #xyz tv0
          -7.1133069999999998e-01   1.6838070000000004e-02  -3.8000000000000000e-01 #xyz tv1
          -7.1040681999999999e-01   1.6455390000000000e-02  -3.2639848787109366e-01 #xyz tv2
          -7.1081824202130561e-01   1.7605017791613563e-02  -3.8000000000000000e-01 -1 292 #xyz tv3 fid bid
          -7.1970685601562501e-01   3.5854110039062498e-02  -3.8000000000000000e-01 #xyz tv0
          -7.1081824202130561e-01   1.7605017791613563e-02  -3.8000000000000000e-01 #xyz tv1
          -7.1133069999999998e-01   1.6838070000000004e-02  -3.8000000000000000e-01 8 -1 #xyz tv2 fid bid
          -7.1133069999999998e-01   1.6838070000000004e-02  -3.8000000000000000e-01 #xyz tv0
          -7.1081824202130561e-01   1.7605017791613563e-02  -3.8000000000000000e-01 #xyz tv1
          -7.1040681999999999e-01   1.6455390000000000e-02  -3.8000000000000000e-01 8 -1 #xyz tv2 fid bid
          -7.1133069999999998e-01   1.6838070000000004e-02  -3.8000000000000000e-01 #xyz tv0
          -7.1081824202130561e-01   1.7605017791613563e-02  -3.8000000000000000e-01 #xyz tv1
          -7.1040681999999999e-01   1.6455390000000000e-02  -3.8000000000000000e-01 295 -1 #xyz tv2 fid bid
          -7.1133069999999998e-01   1.6838070000000004e-02  -3.8000000000000000e-01 #xyz tv0
          -7.1133069999999998e-01   1.6838070000000004e-02  -4.0899999999999992e-01 #xyz tv1
          -7.1081824202130561e-01   1.7605017791613563e-02  -3.8000000000000000e-01 293 -1 #xyz tv2 fid bid
          -7.1081824202130561e-01   1.7605017791613563e-02  -3.8000000000000000e-01 #xyz ev0
          -7.1133069999999998e-01   1.6838070000000004e-02  -3.8000000000000000e-01 -1 292 #xyz ev1 fid bid
   0   0.000000000000e+00   0.000000000000e+00   0.000000000000e+00 #flag location
END_ERR 
G3dErrFileVersion 2018P3.1
FlagFileMetaData Begin
   Mesh Size - Setup1, Refinement, Pass #2, Freq. 3.300000e+10 :Title    
   Listing of mesh elements with poor quality. :ToolTip  
   hf3d :Author   
   1772280371 :TimeStamp
FlagFileMetaData End
BEGIN_ERR 
26 Small mesh segment detected on body : pad
 Small mesh segment detected on body : pad 
 Segment Statistics - Number of Segments : 1 --- Segment length(s) : 0.000922mm. The cutoff frequency for S-Matrix Only Solve is 16.0354105389652MHz 
4 -1  8  295  293  # nfids, fids[]
2 292  -1  # nbids, bids[]
      5 4 1 0 #ntets ntri ned npts
          -7.1133069999999998e-01   1.6838070000000004e-02  -3.8000000000000000e-01 #xyz tv0
          -7.1081824202130561e-01   1.7605017791613563e-02  -3.8000000000000000e-01 #xyz tv1
          -7.1133069999999998e-01   1.6838070000000004e-02  -4.0899999999999992e-01 #xyz tv2
          -7.1040681999999999e-01   1.6455390000000000e-02  -3.8000000000000000e-01 -1 292 #xyz tv3 fid bid
          -7.1133069999999998e-01   1.6838070000000004e-02  -3.8000000000000000e-01 #xyz tv0
          -7.1133069999999998e-01   1.6838070000000004e-02  -4.0899999999999992e-01 #xyz tv1
          -7.1081824202130561e-01   1.7605017791613563e-02  -3.8000000000000000e-01 #xyz tv2
          -7.5290528000000045e-01   3.4058830000000012e-02  -4.0899999999999992e-01 -1 292 #xyz tv3 fid bid
          -7.1133069999999998e-01   1.6838070000000004e-02  -3.8000000000000000e-01 #xyz tv0
          -7.1040681999999999e-01   1.6455390000000000e-02  -3.2639848787109366e-01 #xyz tv1
          -7.1081824202130561e-01   1.7605017791613563e-02  -3.8000000000000000e-01 #xyz tv2
          -7.1040681999999999e-01   1.6455390000000000e-02  -3.8000000000000000e-01 -1 292 #xyz tv3 fid bid
          -7.1081824202130561e-01   1.7605017791613563e-02  -3.8000000000000000e-01 #xyz tv0
          -7.1970685601562501e-01   3.5854110039062498e-02  -3.8000000000000000e-01 #xyz tv1
          -7.1133069999999998e-01   1.6838070000000004e-02  -3.8000000000000000e-01 #xyz tv2
          -7.5290528000000045e-01   3.4058830000000012e-02  -4.0899999999999992e-01 -1 292 #xyz tv3 fid bid
          -7.1970685601562501e-01   3.5854110039062498e-02  -3.8000000000000000e-01 #xyz tv0
          -7.1133069999999998e-01   1.6838070000000004e-02  -3.8000000000000000e-01 #xyz tv1
          -7.1040681999999999e-01   1.6455390000000000e-02  -3.2639848787109366e-01 #xyz tv2
          -7.1081824202130561e-01   1.7605017791613563e-02  -3.8000000000000000e-01 -1 292 #xyz tv3 fid bid
          -7.1970685601562501e-01   3.5854110039062498e-02  -3.8000000000000000e-01 #xyz tv0
          -7.1081824202130561e-01   1.7605017791613563e-02  -3.8000000000000000e-01 #xyz tv1
          -7.1133069999999998e-01   1.6838070000000004e-02  -3.8000000000000000e-01 8 -1 #xyz tv2 fid bid
          -7.1133069999999998e-01   1.6838070000000004e-02  -3.8000000000000000e-01 #xyz tv0
          -7.1081824202130561e-01   1.7605017791613563e-02  -3.8000000000000000e-01 #xyz tv1
          -7.1040681999999999e-01   1.6455390000000000e-02  -3.8000000000000000e-01 8 -1 #xyz tv2 fid bid
          -7.1133069999999998e-01   1.6838070000000004e-02  -3.8000000000000000e-01 #xyz tv0
          -7.1081824202130561e-01   1.7605017791613563e-02  -3.8000000000000000e-01 #xyz tv1
          -7.1040681999999999e-01   1.6455390000000000e-02  -3.8000000000000000e-01 295 -1 #xyz tv2 fid bid
          -7.1133069999999998e-01   1.6838070000000004e-02  -3.8000000000000000e-01 #xyz tv0
          -7.1133069999999998e-01   1.6838070000000004e-02  -4.0899999999999992e-01 #xyz tv1
          -7.1081824202130561e-01   1.7605017791613563e-02  -3.8000000000000000e-01 293 -1 #xyz tv2 fid bid
          -7.1081824202130561e-01   1.7605017791613563e-02  -3.8000000000000000e-01 #xyz ev0
          -7.1133069999999998e-01   1.6838070000000004e-02  -3.8000000000000000e-01 -1 292 #xyz ev1 fid bid
   0   0.000000000000e+00   0.000000000000e+00   0.000000000000e+00 #flag location
END_ERR 
G3dErrFileVersion 2018P3.1
FlagFileMetaData Begin
   Mesh Size - Setup1, Refinement, Pass #3, Freq. 3.300000e+10 :Title    
   Listing of mesh elements with poor quality. :ToolTip  
   hf3d :Author   
   1772280374 :TimeStamp
FlagFileMetaData End
BEGIN_ERR 
26 Small mesh segment detected on body : pad
 Small mesh segment detected on body : pad 
 Segment Statistics - Number of Segments : 1 --- Segment length(s) : 0.000922mm. The cutoff frequency for S-Matrix Only Solve is 16.0354105389652MHz 
4 -1  8  295  293  # nfids, fids[]
2 292  -1  # nbids, bids[]
      5 4 1 0 #ntets ntri ned npts
          -7.1133069999999998e-01   1.6838070000000004e-02  -3.8000000000000000e-01 #xyz tv0
          -7.1081824202130561e-01   1.7605017791613563e-02  -3.8000000000000000e-01 #xyz tv1
          -7.1133069999999998e-01   1.6838070000000004e-02  -4.0899999999999992e-01 #xyz tv2
          -7.1040681999999999e-01   1.6455390000000000e-02  -3.8000000000000000e-01 -1 292 #xyz tv3 fid bid
          -7.1133069999999998e-01   1.6838070000000004e-02  -3.8000000000000000e-01 #xyz tv0
          -7.1133069999999998e-01   1.6838070000000004e-02  -4.0899999999999992e-01 #xyz tv1
          -7.1081824202130561e-01   1.7605017791613563e-02  -3.8000000000000000e-01 #xyz tv2
          -7.5290528000000045e-01   3.4058830000000012e-02  -4.0899999999999992e-01 -1 292 #xyz tv3 fid bid
          -7.1133069999999998e-01   1.6838070000000004e-02  -3.8000000000000000e-01 #xyz tv0
          -7.1040681999999999e-01   1.6455390000000000e-02  -3.2639848787109366e-01 #xyz tv1
          -7.1081824202130561e-01   1.7605017791613563e-02  -3.8000000000000000e-01 #xyz tv2
          -7.1040681999999999e-01   1.6455390000000000e-02  -3.8000000000000000e-01 -1 292 #xyz tv3 fid bid
          -7.1081824202130561e-01   1.7605017791613563e-02  -3.8000000000000000e-01 #xyz tv0
          -7.1970685601562501e-01   3.5854110039062498e-02  -3.8000000000000000e-01 #xyz tv1
          -7.1133069999999998e-01   1.6838070000000004e-02  -3.8000000000000000e-01 #xyz tv2
          -7.5290528000000045e-01   3.4058830000000012e-02  -4.0899999999999992e-01 -1 292 #xyz tv3 fid bid
          -7.1970685601562501e-01   3.5854110039062498e-02  -3.8000000000000000e-01 #xyz tv0
          -7.1133069999999998e-01   1.6838070000000004e-02  -3.8000000000000000e-01 #xyz tv1
          -7.1040681999999999e-01   1.6455390000000000e-02  -3.2639848787109366e-01 #xyz tv2
          -7.1081824202130561e-01   1.7605017791613563e-02  -3.8000000000000000e-01 -1 292 #xyz tv3 fid bid
          -7.1970685601562501e-01   3.5854110039062498e-02  -3.8000000000000000e-01 #xyz tv0
          -7.1081824202130561e-01   1.7605017791613563e-02  -3.8000000000000000e-01 #xyz tv1
          -7.1133069999999998e-01   1.6838070000000004e-02  -3.8000000000000000e-01 8 -1 #xyz tv2 fid bid
          -7.1133069999999998e-01   1.6838070000000004e-02  -3.8000000000000000e-01 #xyz tv0
          -7.1081824202130561e-01   1.7605017791613563e-02  -3.8000000000000000e-01 #xyz tv1
          -7.1040681999999999e-01   1.6455390000000000e-02  -3.8000000000000000e-01 8 -1 #xyz tv2 fid bid
          -7.1133069999999998e-01   1.6838070000000004e-02  -3.8000000000000000e-01 #xyz tv0
          -7.1081824202130561e-01   1.7605017791613563e-02  -3.8000000000000000e-01 #xyz tv1
          -7.1040681999999999e-01   1.6455390000000000e-02  -3.8000000000000000e-01 295 -1 #xyz tv2 fid bid
          -7.1133069999999998e-01   1.6838070000000004e-02  -3.8000000000000000e-01 #xyz tv0
          -7.1133069999999998e-01   1.6838070000000004e-02  -4.0899999999999992e-01 #xyz tv1
          -7.1081824202130561e-01   1.7605017791613563e-02  -3.8000000000000000e-01 293 -1 #xyz tv2 fid bid
          -7.1081824202130561e-01   1.7605017791613563e-02  -3.8000000000000000e-01 #xyz ev0
          -7.1133069999999998e-01   1.6838070000000004e-02  -3.8000000000000000e-01 -1 292 #xyz ev1 fid bid
   0   0.000000000000e+00   0.000000000000e+00   0.000000000000e+00 #flag location
END_ERR 
G3dErrFileVersion 2018P3.1
FlagFileMetaData Begin
   Mesh Size - Setup1, Refinement, Pass #4, Freq. 3.300000e+10 :Title    
   Listing of mesh elements with poor quality. :ToolTip  
   hf3d :Author   
   1772280377 :TimeStamp
FlagFileMetaData End
BEGIN_ERR 
26 Small mesh segment detected on body : pad
 Small mesh segment detected on body : pad 
 Segment Statistics - Number of Segments : 1 --- Segment length(s) : 0.000922mm. The cutoff frequency for S-Matrix Only Solve is 16.0354105389652MHz 
4 -1  8  295  293  # nfids, fids[]
2 292  -1  # nbids, bids[]
      5 4 1 0 #ntets ntri ned npts
          -7.1133069999999998e-01   1.6838070000000004e-02  -3.8000000000000000e-01 #xyz tv0
          -7.1081824202130561e-01   1.7605017791613563e-02  -3.8000000000000000e-01 #xyz tv1
          -7.1133069999999998e-01   1.6838070000000004e-02  -4.0899999999999992e-01 #xyz tv2
          -7.1040681999999999e-01   1.6455390000000000e-02  -3.8000000000000000e-01 -1 292 #xyz tv3 fid bid
          -7.1133069999999998e-01   1.6838070000000004e-02  -3.8000000000000000e-01 #xyz tv0
          -7.1133069999999998e-01   1.6838070000000004e-02  -4.0899999999999992e-01 #xyz tv1
          -7.1081824202130561e-01   1.7605017791613563e-02  -3.8000000000000000e-01 #xyz tv2
          -7.5290528000000045e-01   3.4058830000000012e-02  -4.0899999999999992e-01 -1 292 #xyz tv3 fid bid
          -7.1133069999999998e-01   1.6838070000000004e-02  -3.8000000000000000e-01 #xyz tv0
          -7.1040681999999999e-01   1.6455390000000000e-02  -3.2639848787109366e-01 #xyz tv1
          -7.1081824202130561e-01   1.7605017791613563e-02  -3.8000000000000000e-01 #xyz tv2
          -7.1040681999999999e-01   1.6455390000000000e-02  -3.8000000000000000e-01 -1 292 #xyz tv3 fid bid
          -7.1081824202130561e-01   1.7605017791613563e-02  -3.8000000000000000e-01 #xyz tv0
          -7.1970685601562501e-01   3.5854110039062498e-02  -3.8000000000000000e-01 #xyz tv1
          -7.1133069999999998e-01   1.6838070000000004e-02  -3.8000000000000000e-01 #xyz tv2
          -7.5290528000000045e-01   3.4058830000000012e-02  -4.0899999999999992e-01 -1 292 #xyz tv3 fid bid
          -7.1970685601562501e-01   3.5854110039062498e-02  -3.8000000000000000e-01 #xyz tv0
          -7.1133069999999998e-01   1.6838070000000004e-02  -3.8000000000000000e-01 #xyz tv1
          -7.1040681999999999e-01   1.6455390000000000e-02  -3.2639848787109366e-01 #xyz tv2
          -7.1081824202130561e-01   1.7605017791613563e-02  -3.8000000000000000e-01 -1 292 #xyz tv3 fid bid
          -7.1970685601562501e-01   3.5854110039062498e-02  -3.8000000000000000e-01 #xyz tv0
          -7.1081824202130561e-01   1.7605017791613563e-02  -3.8000000000000000e-01 #xyz tv1
          -7.1133069999999998e-01   1.6838070000000004e-02  -3.8000000000000000e-01 8 -1 #xyz tv2 fid bid
          -7.1133069999999998e-01   1.6838070000000004e-02  -3.8000000000000000e-01 #xyz tv0
          -7.1081824202130561e-01   1.7605017791613563e-02  -3.8000000000000000e-01 #xyz tv1
          -7.1040681999999999e-01   1.6455390000000000e-02  -3.8000000000000000e-01 8 -1 #xyz tv2 fid bid
          -7.1133069999999998e-01   1.6838070000000004e-02  -3.8000000000000000e-01 #xyz tv0
          -7.1081824202130561e-01   1.7605017791613563e-02  -3.8000000000000000e-01 #xyz tv1
          -7.1040681999999999e-01   1.6455390000000000e-02  -3.8000000000000000e-01 295 -1 #xyz tv2 fid bid
          -7.1133069999999998e-01   1.6838070000000004e-02  -3.8000000000000000e-01 #xyz tv0
          -7.1133069999999998e-01   1.6838070000000004e-02  -4.0899999999999992e-01 #xyz tv1
          -7.1081824202130561e-01   1.7605017791613563e-02  -3.8000000000000000e-01 293 -1 #xyz tv2 fid bid
          -7.1081824202130561e-01   1.7605017791613563e-02  -3.8000000000000000e-01 #xyz ev0
          -7.1133069999999998e-01   1.6838070000000004e-02  -3.8000000000000000e-01 -1 292 #xyz ev1 fid bid
   0   0.000000000000e+00   0.000000000000e+00   0.000000000000e+00 #flag location
END_ERR 
G3dErrFileVersion 2018P3.1
FlagFileMetaData Begin
   Mesh Size - Setup1, Refinement, Pass #5, Freq. 3.300000e+10 :Title    
   Listing of mesh elements with poor quality. :ToolTip  
   hf3d :Author   
   1772280382 :TimeStamp
FlagFileMetaData End
BEGIN_ERR 
26 Small mesh segment detected on body : pad
 Small mesh segment detected on body : pad 
 Segment Statistics - Number of Segments : 1 --- Segment length(s) : 0.000922mm. The cutoff frequency for S-Matrix Only Solve is 16.0354105389652MHz 
4 -1  8  295  293  # nfids, fids[]
2 292  -1  # nbids, bids[]
      5 4 1 0 #ntets ntri ned npts
          -7.1133069999999998e-01   1.6838070000000004e-02  -3.8000000000000000e-01 #xyz tv0
          -7.1081824202130561e-01   1.7605017791613563e-02  -3.8000000000000000e-01 #xyz tv1
          -7.1133069999999998e-01   1.6838070000000004e-02  -4.0899999999999992e-01 #xyz tv2
          -7.1040681999999999e-01   1.6455390000000000e-02  -3.8000000000000000e-01 -1 292 #xyz tv3 fid bid
          -7.1133069999999998e-01   1.6838070000000004e-02  -3.8000000000000000e-01 #xyz tv0
          -7.1133069999999998e-01   1.6838070000000004e-02  -4.0899999999999992e-01 #xyz tv1
          -7.1081824202130561e-01   1.7605017791613563e-02  -3.8000000000000000e-01 #xyz tv2
          -7.5290528000000045e-01   3.4058830000000012e-02  -4.0899999999999992e-01 -1 292 #xyz tv3 fid bid
          -7.1133069999999998e-01   1.6838070000000004e-02  -3.8000000000000000e-01 #xyz tv0
          -7.1040681999999999e-01   1.6455390000000000e-02  -3.2639848787109366e-01 #xyz tv1
          -7.1081824202130561e-01   1.7605017791613563e-02  -3.8000000000000000e-01 #xyz tv2
          -7.1040681999999999e-01   1.6455390000000000e-02  -3.8000000000000000e-01 -1 292 #xyz tv3 fid bid
          -7.1081824202130561e-01   1.7605017791613563e-02  -3.8000000000000000e-01 #xyz tv0
          -7.1970685601562501e-01   3.5854110039062498e-02  -3.8000000000000000e-01 #xyz tv1
          -7.1133069999999998e-01   1.6838070000000004e-02  -3.8000000000000000e-01 #xyz tv2
          -7.5290528000000045e-01   3.4058830000000012e-02  -4.0899999999999992e-01 -1 292 #xyz tv3 fid bid
          -7.1970685601562501e-01   3.5854110039062498e-02  -3.8000000000000000e-01 #xyz tv0
          -7.1133069999999998e-01   1.6838070000000004e-02  -3.8000000000000000e-01 #xyz tv1
          -7.1040681999999999e-01   1.6455390000000000e-02  -3.2639848787109366e-01 #xyz tv2
          -7.1081824202130561e-01   1.7605017791613563e-02  -3.8000000000000000e-01 -1 292 #xyz tv3 fid bid
          -7.1970685601562501e-01   3.5854110039062498e-02  -3.8000000000000000e-01 #xyz tv0
          -7.1081824202130561e-01   1.7605017791613563e-02  -3.8000000000000000e-01 #xyz tv1
          -7.1133069999999998e-01   1.6838070000000004e-02  -3.8000000000000000e-01 8 -1 #xyz tv2 fid bid
          -7.1133069999999998e-01   1.6838070000000004e-02  -3.8000000000000000e-01 #xyz tv0
          -7.1081824202130561e-01   1.7605017791613563e-02  -3.8000000000000000e-01 #xyz tv1
          -7.1040681999999999e-01   1.6455390000000000e-02  -3.8000000000000000e-01 8 -1 #xyz tv2 fid bid
          -7.1133069999999998e-01   1.6838070000000004e-02  -3.8000000000000000e-01 #xyz tv0
          -7.1081824202130561e-01   1.7605017791613563e-02  -3.8000000000000000e-01 #xyz tv1
          -7.1040681999999999e-01   1.6455390000000000e-02  -3.8000000000000000e-01 295 -1 #xyz tv2 fid bid
          -7.1133069999999998e-01   1.6838070000000004e-02  -3.8000000000000000e-01 #xyz tv0
          -7.1133069999999998e-01   1.6838070000000004e-02  -4.0899999999999992e-01 #xyz tv1
          -7.1081824202130561e-01   1.7605017791613563e-02  -3.8000000000000000e-01 293 -1 #xyz tv2 fid bid
          -7.1081824202130561e-01   1.7605017791613563e-02  -3.8000000000000000e-01 #xyz ev0
          -7.1133069999999998e-01   1.6838070000000004e-02  -3.8000000000000000e-01 -1 292 #xyz ev1 fid bid
   0   0.000000000000e+00   0.000000000000e+00   0.000000000000e+00 #flag location
END_ERR 
G3dErrFileVersion 2018P3.1
FlagFileMetaData Begin
   Mesh Size - Setup1, Refinement, Pass #6, Freq. 3.300000e+10 :Title    
   Listing of mesh elements with poor quality. :ToolTip  
   hf3d :Author   
   1772280388 :TimeStamp
FlagFileMetaData End
BEGIN_ERR 
26 Small mesh segment detected on body : pad
 Small mesh segment detected on body : pad 
 Segment Statistics - Number of Segments : 1 --- Segment length(s) : 0.000922mm. The cutoff frequency for S-Matrix Only Solve is 16.0354105389652MHz 
4 -1  8  295  293  # nfids, fids[]
2 292  -1  # nbids, bids[]
      5 4 1 0 #ntets ntri ned npts
          -7.1133069999999998e-01   1.6838070000000004e-02  -3.8000000000000000e-01 #xyz tv0
          -7.1081824202130561e-01   1.7605017791613563e-02  -3.8000000000000000e-01 #xyz tv1
          -7.1133069999999998e-01   1.6838070000000004e-02  -4.0899999999999992e-01 #xyz tv2
          -7.1040681999999999e-01   1.6455390000000000e-02  -3.8000000000000000e-01 -1 292 #xyz tv3 fid bid
          -7.1133069999999998e-01   1.6838070000000004e-02  -3.8000000000000000e-01 #xyz tv0
          -7.1133069999999998e-01   1.6838070000000004e-02  -4.0899999999999992e-01 #xyz tv1
          -7.1081824202130561e-01   1.7605017791613563e-02  -3.8000000000000000e-01 #xyz tv2
          -7.5290528000000045e-01   3.4058830000000012e-02  -4.0899999999999992e-01 -1 292 #xyz tv3 fid bid
          -7.1133069999999998e-01   1.6838070000000004e-02  -3.8000000000000000e-01 #xyz tv0
          -7.1040681999999999e-01   1.6455390000000000e-02  -3.2639848787109366e-01 #xyz tv1
          -7.1081824202130561e-01   1.7605017791613563e-02  -3.8000000000000000e-01 #xyz tv2
          -7.1040681999999999e-01   1.6455390000000000e-02  -3.8000000000000000e-01 -1 292 #xyz tv3 fid bid
          -7.1081824202130561e-01   1.7605017791613563e-02  -3.8000000000000000e-01 #xyz tv0
          -7.1970685601562501e-01   3.5854110039062498e-02  -3.8000000000000000e-01 #xyz tv1
          -7.1133069999999998e-01   1.6838070000000004e-02  -3.8000000000000000e-01 #xyz tv2
          -7.5290528000000045e-01   3.4058830000000012e-02  -4.0899999999999992e-01 -1 292 #xyz tv3 fid bid
          -7.1970685601562501e-01   3.5854110039062498e-02  -3.8000000000000000e-01 #xyz tv0
          -7.1133069999999998e-01   1.6838070000000004e-02  -3.8000000000000000e-01 #xyz tv1
          -7.1040681999999999e-01   1.6455390000000000e-02  -3.2639848787109366e-01 #xyz tv2
          -7.1081824202130561e-01   1.7605017791613563e-02  -3.8000000000000000e-01 -1 292 #xyz tv3 fid bid
          -7.1970685601562501e-01   3.5854110039062498e-02  -3.8000000000000000e-01 #xyz tv0
          -7.1081824202130561e-01   1.7605017791613563e-02  -3.8000000000000000e-01 #xyz tv1
          -7.1133069999999998e-01   1.6838070000000004e-02  -3.8000000000000000e-01 8 -1 #xyz tv2 fid bid
          -7.1133069999999998e-01   1.6838070000000004e-02  -3.8000000000000000e-01 #xyz tv0
          -7.1081824202130561e-01   1.7605017791613563e-02  -3.8000000000000000e-01 #xyz tv1
          -7.1040681999999999e-01   1.6455390000000000e-02  -3.8000000000000000e-01 8 -1 #xyz tv2 fid bid
          -7.1133069999999998e-01   1.6838070000000004e-02  -3.8000000000000000e-01 #xyz tv0
          -7.1081824202130561e-01   1.7605017791613563e-02  -3.8000000000000000e-01 #xyz tv1
          -7.1040681999999999e-01   1.6455390000000000e-02  -3.8000000000000000e-01 295 -1 #xyz tv2 fid bid
          -7.1133069999999998e-01   1.6838070000000004e-02  -3.8000000000000000e-01 #xyz tv0
          -7.1133069999999998e-01   1.6838070000000004e-02  -4.0899999999999992e-01 #xyz tv1
          -7.1081824202130561e-01   1.7605017791613563e-02  -3.8000000000000000e-01 293 -1 #xyz tv2 fid bid
          -7.1081824202130561e-01   1.7605017791613563e-02  -3.8000000000000000e-01 #xyz ev0
          -7.1133069999999998e-01   1.6838070000000004e-02  -3.8000000000000000e-01 -1 292 #xyz ev1 fid bid
   0   0.000000000000e+00   0.000000000000e+00   0.000000000000e+00 #flag location
END_ERR 
G3dErrFileVersion 2018P3.1
FlagFileMetaData Begin
   Mesh Size - Setup1, Refinement, Pass #7, Freq. 3.300000e+10 :Title    
   Listing of mesh elements with poor quality. :ToolTip  
   hf3d :Author   
   1772280393 :TimeStamp
FlagFileMetaData End
BEGIN_ERR 
26 Small mesh segment detected on body : pad
 Small mesh segment detected on body : pad 
 Segment Statistics - Number of Segments : 1 --- Segment length(s) : 0.000922mm. The cutoff frequency for S-Matrix Only Solve is 16.0354105389652MHz 
4 -1  8  295  293  # nfids, fids[]
2 292  -1  # nbids, bids[]
      5 4 1 0 #ntets ntri ned npts
          -7.1133069999999998e-01   1.6838070000000004e-02  -3.8000000000000000e-01 #xyz tv0
          -7.1081824202130561e-01   1.7605017791613563e-02  -3.8000000000000000e-01 #xyz tv1
          -7.1133069999999998e-01   1.6838070000000004e-02  -4.0899999999999992e-01 #xyz tv2
          -7.1040681999999999e-01   1.6455390000000000e-02  -3.8000000000000000e-01 -1 292 #xyz tv3 fid bid
          -7.1133069999999998e-01   1.6838070000000004e-02  -3.8000000000000000e-01 #xyz tv0
          -7.1133069999999998e-01   1.6838070000000004e-02  -4.0899999999999992e-01 #xyz tv1
          -7.1081824202130561e-01   1.7605017791613563e-02  -3.8000000000000000e-01 #xyz tv2
          -7.5290528000000045e-01   3.4058830000000012e-02  -4.0899999999999992e-01 -1 292 #xyz tv3 fid bid
          -7.1133069999999998e-01   1.6838070000000004e-02  -3.8000000000000000e-01 #xyz tv0
          -7.1040681999999999e-01   1.6455390000000000e-02  -3.2639848787109366e-01 #xyz tv1
          -7.1081824202130561e-01   1.7605017791613563e-02  -3.8000000000000000e-01 #xyz tv2
          -7.1040681999999999e-01   1.6455390000000000e-02  -3.8000000000000000e-01 -1 292 #xyz tv3 fid bid
          -7.1081824202130561e-01   1.7605017791613563e-02  -3.8000000000000000e-01 #xyz tv0
          -7.1970685601562501e-01   3.5854110039062498e-02  -3.8000000000000000e-01 #xyz tv1
          -7.1133069999999998e-01   1.6838070000000004e-02  -3.8000000000000000e-01 #xyz tv2
          -7.5290528000000045e-01   3.4058830000000012e-02  -4.0899999999999992e-01 -1 292 #xyz tv3 fid bid
          -7.1970685601562501e-01   3.5854110039062498e-02  -3.8000000000000000e-01 #xyz tv0
          -7.1133069999999998e-01   1.6838070000000004e-02  -3.8000000000000000e-01 #xyz tv1
          -7.1040681999999999e-01   1.6455390000000000e-02  -3.2639848787109366e-01 #xyz tv2
          -7.1081824202130561e-01   1.7605017791613563e-02  -3.8000000000000000e-01 -1 292 #xyz tv3 fid bid
          -7.1970685601562501e-01   3.5854110039062498e-02  -3.8000000000000000e-01 #xyz tv0
          -7.1081824202130561e-01   1.7605017791613563e-02  -3.8000000000000000e-01 #xyz tv1
          -7.1133069999999998e-01   1.6838070000000004e-02  -3.8000000000000000e-01 8 -1 #xyz tv2 fid bid
          -7.1133069999999998e-01   1.6838070000000004e-02  -3.8000000000000000e-01 #xyz tv0
          -7.1081824202130561e-01   1.7605017791613563e-02  -3.8000000000000000e-01 #xyz tv1
          -7.1040681999999999e-01   1.6455390000000000e-02  -3.8000000000000000e-01 8 -1 #xyz tv2 fid bid
          -7.1133069999999998e-01   1.6838070000000004e-02  -3.8000000000000000e-01 #xyz tv0
          -7.1081824202130561e-01   1.7605017791613563e-02  -3.8000000000000000e-01 #xyz tv1
          -7.1040681999999999e-01   1.6455390000000000e-02  -3.8000000000000000e-01 295 -1 #xyz tv2 fid bid
          -7.1133069999999998e-01   1.6838070000000004e-02  -3.8000000000000000e-01 #xyz tv0
          -7.1133069999999998e-01   1.6838070000000004e-02  -4.0899999999999992e-01 #xyz tv1
          -7.1081824202130561e-01   1.7605017791613563e-02  -3.8000000000000000e-01 293 -1 #xyz tv2 fid bid
          -7.1081824202130561e-01   1.7605017791613563e-02  -3.8000000000000000e-01 #xyz ev0
          -7.1133069999999998e-01   1.6838070000000004e-02  -3.8000000000000000e-01 -1 292 #xyz ev1 fid bid
   0   0.000000000000e+00   0.000000000000e+00   0.000000000000e+00 #flag location
END_ERR 
BEGIN_ERR 
26 Small mesh segment detected on body : pad
 Small mesh segment detected on body : pad 
 Segment Statistics - Number of Segments : 1 --- Segment length(s) : 0.001000mm. The cutoff frequency for S-Matrix Only Solve is 16.0354105389652MHz 
3 -1  8  295  # nfids, fids[]
2 292  -1  # nbids, bids[]
      4 4 1 0 #ntets ntri ned npts
          -6.3002930000000001e-01   1.6838070000000004e-02  -3.9206032048867423e-01 #xyz tv0
          -6.3002930000000001e-01   1.6838070000000004e-02  -3.8000000000000000e-01 #xyz tv1
          -6.3095317999999989e-01   1.6455390000000000e-02  -3.8000000000000000e-01 #xyz tv2
          -6.4027441000000007e-01   3.0405590000000014e-02  -3.8000000000000000e-01 -1 292 #xyz tv3 fid bid
          -6.3002930000000001e-01   1.6838070000000004e-02  -3.8000000000000000e-01 #xyz tv0
          -6.3095317999999989e-01   1.6455390000000000e-02  -3.8000000000000000e-01 #xyz tv1
          -6.4027441000000007e-01   3.0405590000000014e-02  -3.8000000000000000e-01 #xyz tv2
          -6.3095317999999989e-01   1.6455390000000000e-02  -3.6469760021484376e-01 -1 292 #xyz tv3 fid bid
          -6.3002930000000001e-01   1.6838070000000004e-02  -3.9206032048867423e-01 #xyz tv0
          -6.2668000000000001e-01   0.0000000000000000e+00  -3.8000000000000000e-01 #xyz tv1
          -6.3095317999999989e-01   1.6455390000000000e-02  -3.8000000000000000e-01 #xyz tv2
          -6.3002930000000001e-01   1.6838070000000004e-02  -3.8000000000000000e-01 -1 292 #xyz tv3 fid bid
          -6.2668000000000001e-01   0.0000000000000000e+00  -3.8000000000000000e-01 #xyz tv0
          -6.3095317999999989e-01   1.6455390000000000e-02  -3.8000000000000000e-01 #xyz tv1
          -6.3002930000000001e-01   1.6838070000000004e-02  -3.8000000000000000e-01 #xyz tv2
          -6.3095317999999989e-01   1.6455390000000000e-02  -3.6469760021484376e-01 -1 292 #xyz tv3 fid bid
          -6.3095317999999989e-01   1.6455390000000000e-02  -3.8000000000000000e-01 #xyz tv0
          -6.3002930000000001e-01   1.6838070000000004e-02  -3.8000000000000000e-01 #xyz tv1
          -6.2668000000000001e-01   0.0000000000000000e+00  -3.8000000000000000e-01 8 -1 #xyz tv2 fid bid
          -6.3095317999999989e-01   1.6455390000000000e-02  -3.8000000000000000e-01 #xyz tv0
          -6.3002930000000001e-01   1.6838070000000004e-02  -3.8000000000000000e-01 #xyz tv1
          -6.2668000000000001e-01   0.0000000000000000e+00  -3.8000000000000000e-01 295 -1 #xyz tv2 fid bid
          -6.3095317999999989e-01   1.6455390000000000e-02  -3.8000000000000000e-01 #xyz tv0
          -6.4027441000000007e-01   3.0405590000000014e-02  -3.8000000000000000e-01 #xyz tv1
          -6.3002930000000001e-01   1.6838070000000004e-02  -3.8000000000000000e-01 8 -1 #xyz tv2 fid bid
          -6.3095317999999989e-01   1.6455390000000000e-02  -3.8000000000000000e-01 #xyz tv0
          -6.4027441000000007e-01   3.0405590000000014e-02  -3.8000000000000000e-01 #xyz tv1
          -6.3002930000000001e-01   1.6838070000000004e-02  -3.8000000000000000e-01 295 -1 #xyz tv2 fid bid
          -6.3095317999999989e-01   1.6455390000000000e-02  -3.8000000000000000e-01 #xyz ev0
          -6.3002930000000001e-01   1.6838070000000004e-02  -3.8000000000000000e-01 -1 292 #xyz ev1 fid bid
   0   0.000000000000e+00   0.000000000000e+00   0.000000000000e+00 #flag location
END_ERR 
G3dErrFileVersion 2018P3.1
FlagFileMetaData Begin
   Mesh Size - Setup1, Refinement, Pass #8, Freq. 3.300000e+10 :Title    
   Listing of mesh elements with poor quality. :ToolTip  
   hf3d :Author   
   1772280399 :TimeStamp
FlagFileMetaData End
BEGIN_ERR 
26 Small mesh segment detected on body : pad
 Small mesh segment detected on body : pad 
 Segment Statistics - Number of Segments : 1 --- Segment length(s) : 0.000922mm. The cutoff frequency for S-Matrix Only Solve is 16.0354105389652MHz 
4 -1  8  295  293  # nfids, fids[]
2 292  -1  # nbids, bids[]
      5 4 1 0 #ntets ntri ned npts
          -7.1133069999999998e-01   1.6838070000000004e-02  -3.8000000000000000e-01 #xyz tv0
          -7.1081824202130561e-01   1.7605017791613563e-02  -3.8000000000000000e-01 #xyz tv1
          -7.1133069999999998e-01   1.6838070000000004e-02  -4.0899999999999992e-01 #xyz tv2
          -7.1040681999999999e-01   1.6455390000000000e-02  -3.8000000000000000e-01 -1 292 #xyz tv3 fid bid
          -7.1133069999999998e-01   1.6838070000000004e-02  -3.8000000000000000e-01 #xyz tv0
          -7.1133069999999998e-01   1.6838070000000004e-02  -4.0899999999999992e-01 #xyz tv1
          -7.1081824202130561e-01   1.7605017791613563e-02  -3.8000000000000000e-01 #xyz tv2
          -7.5290528000000045e-01   3.4058830000000012e-02  -4.0899999999999992e-01 -1 292 #xyz tv3 fid bid
          -7.1133069999999998e-01   1.6838070000000004e-02  -3.8000000000000000e-01 #xyz tv0
          -7.1040681999999999e-01   1.6455390000000000e-02  -3.2639848787109366e-01 #xyz tv1
          -7.1081824202130561e-01   1.7605017791613563e-02  -3.8000000000000000e-01 #xyz tv2
          -7.1040681999999999e-01   1.6455390000000000e-02  -3.8000000000000000e-01 -1 292 #xyz tv3 fid bid
          -7.1081824202130561e-01   1.7605017791613563e-02  -3.8000000000000000e-01 #xyz tv0
          -7.1970685601562501e-01   3.5854110039062498e-02  -3.8000000000000000e-01 #xyz tv1
          -7.1133069999999998e-01   1.6838070000000004e-02  -3.8000000000000000e-01 #xyz tv2
          -7.5290528000000045e-01   3.4058830000000012e-02  -4.0899999999999992e-01 -1 292 #xyz tv3 fid bid
          -7.1970685601562501e-01   3.5854110039062498e-02  -3.8000000000000000e-01 #xyz tv0
          -7.1133069999999998e-01   1.6838070000000004e-02  -3.8000000000000000e-01 #xyz tv1
          -7.1040681999999999e-01   1.6455390000000000e-02  -3.2639848787109366e-01 #xyz tv2
          -7.1081824202130561e-01   1.7605017791613563e-02  -3.8000000000000000e-01 -1 292 #xyz tv3 fid bid
          -7.1970685601562501e-01   3.5854110039062498e-02  -3.8000000000000000e-01 #xyz tv0
          -7.1081824202130561e-01   1.7605017791613563e-02  -3.8000000000000000e-01 #xyz tv1
          -7.1133069999999998e-01   1.6838070000000004e-02  -3.8000000000000000e-01 8 -1 #xyz tv2 fid bid
          -7.1133069999999998e-01   1.6838070000000004e-02  -3.8000000000000000e-01 #xyz tv0
          -7.1081824202130561e-01   1.7605017791613563e-02  -3.8000000000000000e-01 #xyz tv1
          -7.1040681999999999e-01   1.6455390000000000e-02  -3.8000000000000000e-01 8 -1 #xyz tv2 fid bid
          -7.1133069999999998e-01   1.6838070000000004e-02  -3.8000000000000000e-01 #xyz tv0
          -7.1081824202130561e-01   1.7605017791613563e-02  -3.8000000000000000e-01 #xyz tv1
          -7.1040681999999999e-01   1.6455390000000000e-02  -3.8000000000000000e-01 295 -1 #xyz tv2 fid bid
          -7.1133069999999998e-01   1.6838070000000004e-02  -3.8000000000000000e-01 #xyz tv0
          -7.1133069999999998e-01   1.6838070000000004e-02  -4.0899999999999992e-01 #xyz tv1
          -7.1081824202130561e-01   1.7605017791613563e-02  -3.8000000000000000e-01 293 -1 #xyz tv2 fid bid
          -7.1081824202130561e-01   1.7605017791613563e-02  -3.8000000000000000e-01 #xyz ev0
          -7.1133069999999998e-01   1.6838070000000004e-02  -3.8000000000000000e-01 -1 292 #xyz ev1 fid bid
   0   0.000000000000e+00   0.000000000000e+00   0.000000000000e+00 #flag location
END_ERR 
BEGIN_ERR 
26 Small mesh segment detected on body : pad
 Small mesh segment detected on body : pad 
 Segment Statistics - Number of Segments : 1 --- Segment length(s) : 0.001000mm. The cutoff frequency for S-Matrix Only Solve is 16.0354105389652MHz 
3 -1  8  295  # nfids, fids[]
2 292  -1  # nbids, bids[]
      4 4 1 0 #ntets ntri ned npts
          -6.3002930000000001e-01   1.6838070000000004e-02  -3.9206032048867423e-01 #xyz tv0
          -6.3002930000000001e-01   1.6838070000000004e-02  -3.8000000000000000e-01 #xyz tv1
          -6.3095317999999989e-01   1.6455390000000000e-02  -3.8000000000000000e-01 #xyz tv2
          -6.4027441000000007e-01   3.0405590000000014e-02  -3.8000000000000000e-01 -1 292 #xyz tv3 fid bid
          -6.3002930000000001e-01   1.6838070000000004e-02  -3.8000000000000000e-01 #xyz tv0
          -6.3095317999999989e-01   1.6455390000000000e-02  -3.8000000000000000e-01 #xyz tv1
          -6.4027441000000007e-01   3.0405590000000014e-02  -3.8000000000000000e-01 #xyz tv2
          -6.3095317999999989e-01   1.6455390000000000e-02  -3.6469760021484376e-01 -1 292 #xyz tv3 fid bid
          -6.3002930000000001e-01   1.6838070000000004e-02  -3.9206032048867423e-01 #xyz tv0
          -6.2668000000000001e-01   0.0000000000000000e+00  -3.8000000000000000e-01 #xyz tv1
          -6.3095317999999989e-01   1.6455390000000000e-02  -3.8000000000000000e-01 #xyz tv2
          -6.3002930000000001e-01   1.6838070000000004e-02  -3.8000000000000000e-01 -1 292 #xyz tv3 fid bid
          -6.2668000000000001e-01   0.0000000000000000e+00  -3.8000000000000000e-01 #xyz tv0
          -6.3095317999999989e-01   1.6455390000000000e-02  -3.8000000000000000e-01 #xyz tv1
          -6.3002930000000001e-01   1.6838070000000004e-02  -3.8000000000000000e-01 #xyz tv2
          -6.3095317999999989e-01   1.6455390000000000e-02  -3.6469760021484376e-01 -1 292 #xyz tv3 fid bid
          -6.3095317999999989e-01   1.6455390000000000e-02  -3.8000000000000000e-01 #xyz tv0
          -6.3002930000000001e-01   1.6838070000000004e-02  -3.8000000000000000e-01 #xyz tv1
          -6.2668000000000001e-01   0.0000000000000000e+00  -3.8000000000000000e-01 8 -1 #xyz tv2 fid bid
          -6.3095317999999989e-01   1.6455390000000000e-02  -3.8000000000000000e-01 #xyz tv0
          -6.3002930000000001e-01   1.6838070000000004e-02  -3.8000000000000000e-01 #xyz tv1
          -6.2668000000000001e-01   0.0000000000000000e+00  -3.8000000000000000e-01 295 -1 #xyz tv2 fid bid
          -6.3095317999999989e-01   1.6455390000000000e-02  -3.8000000000000000e-01 #xyz tv0
          -6.4027441000000007e-01   3.0405590000000014e-02  -3.8000000000000000e-01 #xyz tv1
          -6.3002930000000001e-01   1.6838070000000004e-02  -3.8000000000000000e-01 8 -1 #xyz tv2 fid bid
          -6.3095317999999989e-01   1.6455390000000000e-02  -3.8000000000000000e-01 #xyz tv0
          -6.4027441000000007e-01   3.0405590000000014e-02  -3.8000000000000000e-01 #xyz tv1
          -6.3002930000000001e-01   1.6838070000000004e-02  -3.8000000000000000e-01 295 -1 #xyz tv2 fid bid
          -6.3095317999999989e-01   1.6455390000000000e-02  -3.8000000000000000e-01 #xyz ev0
          -6.3002930000000001e-01   1.6838070000000004e-02  -3.8000000000000000e-01 -1 292 #xyz ev1 fid bid
   0   0.000000000000e+00   0.000000000000e+00   0.000000000000e+00 #flag location
END_ERR 
G3dErrFileVersion 2018P3.1
FlagFileMetaData Begin
   Mesh Size - Setup1, Refinement, Pass #9, Freq. 3.300000e+10 :Title    
   Listing of mesh elements with poor quality. :ToolTip  
   hf3d :Author   
   1772280407 :TimeStamp
FlagFileMetaData End
BEGIN_ERR 
26 Small mesh segment detected on body : pad
 Small mesh segment detected on body : pad 
 Segment Statistics - Number of Segments : 1 --- Segment length(s) : 0.000922mm. The cutoff frequency for S-Matrix Only Solve is 16.0354105389652MHz 
4 -1  8  295  293  # nfids, fids[]
2 292  -1  # nbids, bids[]
      5 4 1 0 #ntets ntri ned npts
          -7.1133069999999998e-01   1.6838070000000004e-02  -3.8000000000000000e-01 #xyz tv0
          -7.1081824202130561e-01   1.7605017791613563e-02  -3.8000000000000000e-01 #xyz tv1
          -7.1133069999999998e-01   1.6838070000000004e-02  -4.0899999999999992e-01 #xyz tv2
          -7.1040681999999999e-01   1.6455390000000000e-02  -3.8000000000000000e-01 -1 292 #xyz tv3 fid bid
          -7.1133069999999998e-01   1.6838070000000004e-02  -3.8000000000000000e-01 #xyz tv0
          -7.1133069999999998e-01   1.6838070000000004e-02  -4.0899999999999992e-01 #xyz tv1
          -7.1081824202130561e-01   1.7605017791613563e-02  -3.8000000000000000e-01 #xyz tv2
